<svg width="4320" height="3072" viewBox="0 0 4320 3072" fill="none" xmlns="http://www.w3.org/2000/svg">
<g clip-path="url(#clip0_1_12)">
<rect width="4320" height="3072" fill="#1F2019"/>
<g clip-path="url(#clip1_1_12)">
<path d="M3911.95 618.413C3906.29 600.97 3904.92 583.294 3907.86 565.383C3910.79 547.472 3917.91 531.232 3929.2 516.664L3899.01 493.783C3897.47 492.764 3896.6 491.367 3896.41 489.594C3896.23 487.821 3896.75 486.21 3898 484.761C3898.92 483.444 3900.27 482.69 3902.05 482.501C3903.82 482.311 3905.48 482.726 3907.02 483.746L3937.21 506.626C3948.36 495.264 3961.34 486.471 3976.14 480.247C3990.94 474.023 4006.3 470.898 4022.23 470.872L4026.99 433.293C4027.34 431.479 4028.2 430.004 4029.58 428.87C4030.95 427.735 4032.44 427.297 4034.03 427.555C4035.93 427.68 4037.45 428.43 4038.59 429.806C4039.72 431.182 4040.12 432.777 4039.77 434.591L4035 472.17C4053.31 474.291 4069.89 480.566 4084.75 490.995C4099.6 501.424 4111.28 514.764 4119.78 531.015L3911.95 618.413ZM3957.71 568.599C3961.02 567.208 3963.33 564.892 3964.65 561.649C3965.98 558.406 3965.94 555.131 3964.55 551.824C3963.16 548.518 3960.85 546.203 3957.6 544.881C3954.36 543.558 3951.08 543.591 3947.78 544.982C3944.47 546.372 3942.16 548.689 3940.83 551.932C3939.51 555.175 3939.55 558.45 3940.94 561.756C3942.33 565.062 3944.64 567.377 3947.89 568.7C3951.13 570.023 3954.4 569.989 3957.71 568.599ZM4052.18 528.872C4055.48 527.482 4057.8 525.165 4059.12 521.922C4060.44 518.679 4060.41 515.404 4059.02 512.098C4057.63 508.792 4055.31 506.477 4052.07 505.154C4048.83 503.831 4045.55 503.865 4042.25 505.255C4038.94 506.646 4036.62 508.963 4035.3 512.206C4033.98 515.449 4034.01 518.723 4035.4 522.03C4036.79 525.336 4039.11 527.651 4042.35 528.974C4045.6 530.296 4048.87 530.263 4052.18 528.872Z" fill="#444830" fill-opacity="0.1"/>
</g>
<g clip-path="url(#clip2_1_12)">
<path d="M4004.04 2247.7C3997.2 2230.68 3994.64 2213.14 3996.35 2195.07C3998.07 2177 4004.06 2160.32 4014.34 2145.02L3982.67 2124.24C3981.06 2123.32 3980.1 2121.99 3979.79 2120.23C3979.48 2118.48 3979.9 2116.83 3981.04 2115.3C3981.88 2113.93 3983.18 2113.08 3984.93 2112.77C3986.69 2112.47 3988.37 2112.77 3989.97 2113.68L4021.65 2134.46C4032.01 2122.37 4044.36 2112.71 4058.7 2105.5C4073.05 2098.28 4088.16 2094.12 4104.04 2093.02L4106.25 2055.2C4106.47 2053.37 4107.23 2051.84 4108.53 2050.61C4109.82 2049.39 4111.27 2048.85 4112.88 2049C4114.79 2048.99 4116.36 2049.64 4117.58 2050.94C4118.81 2052.23 4119.31 2053.8 4119.08 2055.63L4116.88 2093.45C4135.29 2094.32 4152.26 2099.45 4167.79 2108.85C4183.31 2118.25 4195.87 2130.77 4205.46 2146.4L4004.04 2247.7ZM4046.31 2194.9C4049.51 2193.29 4051.66 2190.82 4052.76 2187.49C4053.86 2184.17 4053.61 2180.9 4052 2177.7C4050.38 2174.49 4047.92 2172.34 4044.59 2171.24C4041.27 2170.14 4038 2170.4 4034.8 2172.01C4031.59 2173.62 4029.44 2176.09 4028.34 2179.41C4027.24 2182.74 4027.5 2186 4029.11 2189.21C4030.72 2192.41 4033.19 2194.57 4036.51 2195.66C4039.84 2196.76 4043.1 2196.51 4046.31 2194.9ZM4137.86 2148.85C4141.07 2147.24 4143.22 2144.77 4144.32 2141.45C4145.42 2138.12 4145.16 2134.86 4143.55 2131.65C4141.94 2128.45 4139.47 2126.3 4136.14 2125.2C4132.82 2124.1 4129.55 2124.35 4126.35 2125.96C4123.15 2127.57 4120.99 2130.04 4119.89 2133.37C4118.79 2136.69 4119.05 2139.96 4120.66 2143.16C4122.27 2146.37 4124.74 2148.52 4128.07 2149.62C4131.39 2150.72 4134.66 2150.46 4137.86 2148.85Z" fill="#444830" fill-opacity="0.1"/>
</g>
<g clip-path="url(#clip3_1_12)">
<path d="M1657.16 824.121C1651.99 806.522 1651.13 788.814 1654.58 770.994C1658.03 753.175 1665.61 737.146 1677.31 722.908L1647.79 699.171C1646.28 698.107 1645.46 696.687 1645.32 694.909C1645.18 693.131 1645.75 691.536 1647.04 690.123C1648 688.833 1649.38 688.119 1651.15 687.98C1652.93 687.841 1654.58 688.303 1656.09 689.367L1685.61 713.104C1697.08 702.067 1710.31 693.65 1725.28 687.853C1740.25 682.057 1755.7 679.374 1771.62 679.805L1777.46 642.378C1777.86 640.575 1778.76 639.125 1780.17 638.031C1781.58 636.937 1783.07 636.541 1784.66 636.844C1786.56 637.024 1788.06 637.817 1789.15 639.225C1790.24 640.633 1790.59 642.239 1790.19 644.042L1784.35 681.469C1802.59 684.114 1818.99 690.863 1833.53 701.714C1848.08 712.565 1859.37 726.235 1867.41 742.723L1657.16 824.121ZM1704.32 775.64C1707.67 774.345 1710.05 772.095 1711.46 768.892C1712.88 765.688 1712.94 762.414 1711.64 759.069C1710.35 755.724 1708.1 753.344 1704.89 751.928C1701.69 750.513 1698.42 750.453 1695.07 751.748C1691.73 753.043 1689.35 755.292 1687.93 758.496C1686.52 761.699 1686.46 764.974 1687.75 768.319C1689.05 771.663 1691.3 774.044 1694.5 775.459C1697.7 776.875 1700.98 776.935 1704.32 775.64ZM1799.89 738.641C1803.24 737.346 1805.62 735.096 1807.03 731.893C1808.45 728.689 1808.51 725.415 1807.21 722.07C1805.92 718.725 1803.67 716.345 1800.46 714.929C1797.26 713.514 1793.99 713.454 1790.64 714.749C1787.3 716.044 1784.92 718.293 1783.5 721.497C1782.08 724.7 1782.02 727.975 1783.32 731.32C1784.61 734.664 1786.86 737.045 1790.07 738.46C1793.27 739.875 1796.55 739.936 1799.89 738.641Z" fill="#444830" fill-opacity="0.1"/>
</g>
<path d="M160.292 948.361C146.734 936.01 136.799 921.326 130.486 904.309C124.173 887.292 122.316 869.66 124.916 851.413L87.3603 846.473C85.5169 846.35 84.074 845.565 83.0315 844.118C81.9891 842.671 81.6494 841.01 82.0125 839.135C82.1675 837.532 82.9684 836.208 84.4151 835.166C85.8619 834.123 87.5069 833.664 89.3503 833.788L126.907 838.727C130.977 823.332 137.903 809.268 147.682 796.535C157.462 783.802 169.263 773.484 183.087 765.58L168.628 730.569C168.033 728.819 168.052 727.112 168.686 725.445C169.32 723.778 170.392 722.663 171.902 722.1C173.619 721.265 175.312 721.165 176.978 721.799C178.645 722.433 179.776 723.625 180.371 725.374L194.83 760.385C211.789 753.166 229.303 750.411 247.373 752.121C265.442 753.832 282.192 759.643 297.622 769.556L160.292 948.361ZM175.395 882.43C177.58 879.585 178.444 876.426 177.989 872.954C177.533 869.481 175.883 866.652 173.038 864.467C170.194 862.283 167.035 861.418 163.562 861.873C160.09 862.329 157.261 863.979 155.076 866.824C152.891 869.668 152.027 872.827 152.482 876.3C152.938 879.772 154.588 882.601 157.433 884.786C160.277 886.971 163.436 887.835 166.909 887.38C170.381 886.924 173.21 885.274 175.395 882.43ZM237.818 801.155C240.003 798.31 240.867 795.151 240.412 791.679C239.956 788.206 238.306 785.377 235.462 783.192C232.617 781.008 229.458 780.143 225.986 780.599C222.513 781.054 219.684 782.704 217.499 785.549C215.314 788.394 214.45 791.552 214.905 795.025C215.361 798.498 217.011 801.326 219.856 803.511C222.7 805.696 225.859 806.561 229.332 806.105C232.804 805.649 235.633 803.999 237.818 801.155Z" fill="#444830" fill-opacity="0.1"/>
<path d="M3556.39 1908.69C3556.39 1968.72 3507.72 2017.39 3447.69 2017.39C3387.66 2017.39 3339 1968.72 3339 1908.69C3339 1848.66 3387.66 1800 3447.69 1800C3507.72 1800 3556.39 1848.66 3556.39 1908.69Z" fill="#444830" fill-opacity="0.1"/>
<path d="M2584.39 2067.69C2584.39 2127.72 2535.72 2176.39 2475.69 2176.39C2415.66 2176.39 2367 2127.72 2367 2067.69C2367 2007.66 2415.66 1959 2475.69 1959C2535.72 1959 2584.39 2007.66 2584.39 2067.69Z" fill="#444830" fill-opacity="0.1"/>
<path d="M3462.8 174.644C3458.03 158.548 3455.64 150.5 3456.08 143.186C3456.73 132.6 3461.4 122.698 3469.14 115.534C3474.48 110.584 3482.17 107.4 3497.55 101.032L3575.19 68.8776C3593.78 61.1766 3603.08 57.3261 3611.44 57.4331C3623.54 57.5881 3634.99 63.1162 3642.72 72.5366C3648.06 79.0428 3650.95 88.7754 3656.72 108.241L3680.02 186.824C3684.8 202.92 3687.18 210.968 3686.74 218.283C3686.09 228.868 3681.42 238.77 3673.69 245.934C3668.34 250.884 3660.65 254.068 3645.28 260.436L3567.64 292.59C3549.04 300.291 3539.74 304.142 3531.38 304.035C3519.28 303.88 3507.83 298.352 3500.1 288.931C3494.76 282.425 3491.87 272.693 3486.1 253.227L3462.8 174.644Z" fill="#444830" fill-opacity="0.1"/>
<path d="M2730.8 1605.64C2726.03 1589.55 2723.64 1581.5 2724.08 1574.19C2724.73 1563.6 2729.4 1553.7 2737.14 1546.53C2742.48 1541.58 2750.17 1538.4 2765.55 1532.03L2843.19 1499.88C2861.78 1492.18 2871.08 1488.33 2879.44 1488.43C2891.54 1488.59 2902.99 1494.12 2910.72 1503.54C2916.06 1510.04 2918.95 1519.78 2924.72 1539.24L2948.02 1617.82C2952.8 1633.92 2955.18 1641.97 2954.74 1649.28C2954.09 1659.87 2949.42 1669.77 2941.69 1676.93C2936.34 1681.88 2928.65 1685.07 2913.28 1691.44L2835.64 1723.59C2817.04 1731.29 2807.74 1735.14 2799.38 1735.03C2787.28 1734.88 2775.83 1729.35 2768.1 1719.93C2762.76 1713.43 2759.87 1703.69 2754.1 1684.23L2730.8 1605.64Z" fill="#444830" fill-opacity="0.1"/>
<path d="M4460.31 328.33C4460.31 358.707 4460.31 373.896 4455.54 385.945C4448.63 403.386 4434.82 417.195 4417.38 424.1C4405.33 428.871 4390.14 428.871 4359.77 428.871H4343.46C4313.08 428.871 4297.9 428.871 4285.85 424.1C4268.41 417.195 4254.6 403.386 4247.69 385.945C4242.92 373.896 4242.92 358.707 4242.92 328.33L4242.92 312.026C4242.92 281.648 4242.92 266.459 4247.69 254.41C4254.6 236.969 4268.41 223.16 4285.85 216.255C4297.9 211.484 4313.08 211.484 4343.46 211.484L4359.77 211.484C4390.14 211.484 4405.33 211.484 4417.38 216.255C4434.82 223.16 4448.63 236.969 4455.54 254.41C4460.31 266.459 4460.31 281.648 4460.31 312.026V328.33Z" fill="#444830" fill-opacity="0.1"/>
<path d="M4033.05 2822.87C4024.58 2814.75 4015.97 2806.52 4005.85 2800.92C3995.74 2795.29 3983.75 2792.52 3973.03 2795.94C3963.61 2798.96 3956.06 2806.47 3950.78 2815.14C3945.5 2823.81 3942.18 2833.69 3938.93 2843.47C3930.14 2869.89 3921.33 2896.32 3912.54 2922.76C3908.36 2935.3 3904.12 2948.37 3905.43 2961.76C3907.02 2977.94 3917.17 2992.28 3930.75 2999.92C3944.95 3007.91 3963.35 3002.4 3976.6 2995.94C3991.13 2988.86 4004.6 2978.98 4020.24 2975.1C4033.64 2971.76 4047.72 2973.08 4061.58 2973.13C4075.42 2973.17 4089.92 2971.7 4101.27 2963.69C4115.37 2953.76 4122.3 2933.78 4117.6 2916.21C4113.3 2900.18 4089.22 2876.68 4089.22 2876.68C4089.22 2876.68 4051.77 2840.81 4033.05 2822.87Z" fill="#444830" fill-opacity="0.1"/>
<path d="M1177.7 2110.13C1175.51 2113.75 1174.41 2115.55 1173.3 2116.97C1164.69 2127.98 1149.64 2131.66 1136.92 2125.87C1135.28 2125.12 1133.47 2124.02 1129.85 2121.83L1009.38 2048.7C1005.76 2046.5 1003.95 2045.4 1002.54 2044.3C991.526 2035.68 987.848 2020.64 993.644 2007.91C994.387 2006.28 995.485 2004.47 997.682 2000.85L1034.25 1940.61C1064.42 1890.9 1129.18 1875.06 1178.9 1905.24C1228.61 1935.42 1244.44 2000.18 1214.27 2049.89L1177.7 2110.13Z" fill="#444830" fill-opacity="0.1"/>
<path d="M2599.1 42.4312C2599.59 41.4036 2599.83 40.8898 2600.05 40.4617C2607.46 25.8862 2624.92 19.5875 2639.93 26.0798C2640.37 26.2704 2640.89 26.5119 2641.91 26.9948C2647.39 29.5705 2650.13 30.8583 2652.42 32.0192C2730.15 71.5412 2763.75 164.705 2729.12 244.742C2728.1 247.093 2726.82 249.833 2724.24 255.314C2723.76 256.342 2723.52 256.855 2723.3 257.284C2715.89 271.859 2698.42 278.158 2683.41 271.665C2682.97 271.475 2682.46 271.233 2681.43 270.75L2567.57 217.241C2555.04 211.353 2548.78 208.409 2544.73 204.107C2538.88 197.879 2535.86 189.507 2536.39 180.976C2536.76 175.082 2539.71 168.818 2545.59 156.29L2599.1 42.4312Z" fill="#444830" fill-opacity="0.1"/>
<path d="M165.873 1536.36C161.356 1547.92 148.323 1553.63 136.764 1549.11L-23.8518 1486.35C-35.4115 1481.83 -41.1206 1468.8 -36.6035 1457.24L-34.8924 1452.86C-13.044 1396.95 49.9937 1369.34 105.906 1391.18C161.819 1413.03 189.433 1476.07 167.584 1531.98L165.873 1536.36Z" fill="#444830" fill-opacity="0.1"/>
<path d="M2001.94 2762.11C2009.11 2772.24 2006.72 2786.26 1996.59 2793.44L1855.87 2893.11C1845.74 2900.28 1831.71 2897.88 1824.54 2887.76L1821.82 2883.92C1787.13 2834.93 1798.71 2767.09 1847.7 2732.4C1896.69 2697.7 1964.52 2709.29 1999.22 2758.27L2001.94 2762.11Z" fill="#444830" fill-opacity="0.1"/>
<path d="M330.313 2432.13C269.675 2460.32 205.775 2451.46 187.587 2412.34C169.4 2373.22 203.812 2318.65 264.449 2290.46C325.087 2262.27 388.987 2271.13 407.175 2310.25C425.362 2349.37 390.95 2403.94 330.313 2432.13Z" fill="#444830" fill-opacity="0.1"/>
<path d="M1461.14 2436.03C1497.18 2399.99 1555.61 2399.99 1591.64 2436.03C1627.68 2472.06 1627.68 2530.49 1591.64 2566.53L1561.53 2596.64C1525.49 2632.68 1467.06 2632.68 1431.03 2596.64C1394.99 2560.61 1394.99 2502.18 1431.03 2466.14L1461.14 2436.03Z" fill="#444830" fill-opacity="0.1"/>
<path d="M2806.42 941.361C2812.98 921.768 2816.25 911.972 2821.62 907.035C2829.41 899.876 2840.53 897.645 2850.47 901.249C2857.33 903.734 2864.13 911.509 2877.74 927.058L2951.24 1011.06C2964.72 1026.46 2971.45 1034.16 2973.01 1041.25C2975.27 1051.52 2971.64 1062.19 2963.58 1068.97C2958.03 1073.64 2947.99 1075.65 2927.91 1079.68L2818.98 1101.52C2798.9 1105.55 2788.86 1107.57 2781.93 1105.4C2771.88 1102.25 2764.42 1093.8 2762.54 1083.45C2761.25 1076.32 2764.5 1066.62 2770.99 1047.21L2806.42 941.361Z" fill="#444830" fill-opacity="0.1"/>
<path d="M1594.42 1153.15C1600.98 1133.56 1604.25 1123.76 1609.62 1118.83C1617.41 1111.67 1628.53 1109.44 1638.47 1113.04C1645.33 1115.52 1652.13 1123.3 1665.74 1138.85L1739.24 1222.85C1752.72 1238.25 1759.45 1245.95 1761.01 1253.04C1763.27 1263.31 1759.64 1273.98 1751.58 1280.76C1746.03 1285.43 1735.99 1287.44 1715.91 1291.47L1606.98 1313.32C1586.9 1317.34 1576.86 1319.36 1569.93 1317.19C1559.88 1314.04 1552.42 1305.59 1550.54 1295.25C1549.25 1288.11 1552.5 1278.41 1558.99 1259L1594.42 1153.15Z" fill="#444830" fill-opacity="0.1"/>
<path d="M3286.05 1426.82C3274.62 1441.79 3268.9 1449.27 3262.29 1452.68C3252.73 1457.62 3241.34 1457.62 3231.77 1452.68C3225.16 1449.27 3219.45 1441.79 3208.01 1426.82L3170.03 1377.11C3163.07 1368.01 3159.59 1363.46 3157.87 1358.58C3155.38 1351.53 3155.38 1343.85 3157.87 1336.8C3159.59 1331.93 3163.07 1327.38 3170.03 1318.27L3208.01 1268.56C3219.45 1253.6 3225.16 1246.11 3231.77 1242.7C3241.34 1237.77 3252.73 1237.77 3262.29 1242.7C3268.9 1246.11 3274.62 1253.6 3286.05 1268.56L3324.04 1318.27C3330.99 1327.38 3334.47 1331.93 3336.19 1336.8C3338.68 1343.85 3338.68 1351.53 3336.19 1358.58C3334.47 1363.46 3330.99 1368.01 3324.04 1377.11L3286.05 1426.82Z" fill="#444830" fill-opacity="0.1"/>
<path d="M1957.33 2303.81C1943.16 2316.23 1936.08 2322.43 1928.93 2324.47C1918.58 2327.42 1907.41 2325.17 1899.01 2318.44C1893.21 2313.79 1889.08 2305.33 1880.82 2288.39L1853.41 2232.16C1848.39 2221.86 1845.88 2216.71 1845.15 2211.6C1844.1 2204.19 1845.62 2196.66 1849.45 2190.24C1852.11 2185.81 1856.41 2182.03 1865.03 2174.48L1912.09 2133.26C1926.25 2120.84 1933.34 2114.63 1940.49 2112.6C1950.84 2109.65 1962.01 2111.9 1970.41 2118.63C1976.21 2123.27 1980.34 2131.74 1988.59 2148.67L2016.01 2204.9C2021.03 2215.2 2023.54 2220.35 2024.26 2225.47C2025.31 2232.87 2023.8 2240.4 2019.96 2246.82C2017.31 2251.26 2013 2255.04 2004.38 2262.59L1957.33 2303.81Z" fill="#444830" fill-opacity="0.1"/>
<path d="M3110.88 410.958C3118.04 399.014 3135.35 399.014 3142.5 410.958L3150.55 424.391C3154.73 431.356 3162.97 434.77 3170.85 432.796L3186.04 428.989C3199.54 425.605 3211.78 437.843 3208.4 451.35L3204.59 466.54C3202.62 474.417 3206.03 482.658 3213 486.832L3226.43 494.882C3238.37 502.039 3238.37 519.347 3226.43 526.505L3213 534.554C3206.03 538.728 3202.62 546.969 3204.59 554.846L3208.4 570.036C3211.78 583.543 3199.54 595.782 3186.04 592.397L3170.85 588.59C3162.97 586.616 3154.73 590.03 3150.55 596.996L3142.5 610.428C3135.35 622.372 3118.04 622.372 3110.88 610.428L3102.83 596.996C3098.66 590.03 3090.42 586.616 3082.54 588.59L3067.35 592.397C3053.84 595.782 3041.6 583.543 3044.99 570.036L3048.8 554.846C3050.77 546.969 3047.36 538.728 3040.39 534.554L3026.96 526.505C3015.01 519.347 3015.01 502.039 3026.96 494.882L3040.39 486.832C3047.36 482.658 3050.77 474.417 3048.8 466.54L3044.99 451.35C3041.6 437.843 3053.84 425.605 3067.35 428.989L3082.54 432.796C3090.42 434.77 3098.66 431.356 3102.83 424.391L3110.88 410.958Z" fill="#444830" fill-opacity="0.1"/>
<path d="M3071.4 2124.89C3078.99 2132.29 3082.78 2135.99 3085.37 2140.24C3089.11 2146.39 3091.09 2153.44 3091.11 2160.64C3091.12 2165.62 3089.81 2170.75 3087.2 2181.02L3079.24 2212.31C3076.63 2222.58 3075.32 2227.72 3072.93 2232.08C3069.48 2238.4 3064.37 2243.64 3058.14 2247.26C3053.84 2249.75 3048.74 2251.19 3038.54 2254.06L2944.23 2280.61C2934.03 2283.48 2928.93 2284.91 2923.96 2285.03C2916.76 2285.19 2909.66 2283.39 2903.42 2279.8C2899.11 2277.32 2895.31 2273.62 2887.73 2266.22L2864.61 2243.68C2857.03 2236.28 2853.23 2232.58 2850.65 2228.33C2846.91 2222.18 2844.92 2215.13 2844.9 2207.93C2844.89 2202.95 2846.2 2197.82 2848.81 2187.55L2856.77 2156.26C2859.38 2145.99 2860.69 2140.86 2863.08 2136.49C2866.53 2130.18 2871.65 2124.93 2877.87 2121.32C2882.18 2118.82 2887.28 2117.38 2897.48 2114.51L2991.78 2087.97C3001.98 2085.09 3007.08 2083.66 3012.06 2083.54C3019.25 2083.38 3026.35 2085.19 3032.59 2088.77C3036.91 2091.25 3040.7 2094.95 3048.29 2102.35L3071.4 2124.89Z" fill="#444830" fill-opacity="0.1"/>
<path d="M239.553 2827.14C248.7 2812.03 266.532 2804.53 283.724 2808.56L363.292 2827.22C380.484 2831.25 393.125 2845.89 394.604 2863.49L401.449 2944.93C402.928 2962.52 392.908 2979.07 376.63 2985.92L301.292 3017.59C285.014 3024.44 266.181 3020.02 254.641 3006.65L201.235 2944.79C189.696 2931.42 188.076 2912.15 197.222 2897.04L239.553 2827.14Z" fill="#444830" fill-opacity="0.1"/>
<path d="M1807.57 185.878C1821.74 181.78 1828.82 179.73 1835.54 179.864C1845.24 180.058 1854.62 183.444 1862.21 189.499C1867.46 193.686 1871.6 199.788 1879.88 211.994L1898.5 239.44C1903.41 246.688 1905.87 250.312 1907.54 254.199C1909.95 259.817 1911.16 265.873 1911.11 271.984C1911.08 276.213 1910.21 280.505 1908.47 289.089L1901.77 322.284C1898.72 337.342 1897.2 344.871 1893.81 350.926C1888.89 359.684 1881.14 366.507 1871.83 370.271C1865.4 372.872 1857.73 373.428 1842.41 374.54L1807.69 377.059C1798.44 377.73 1793.82 378.066 1789.39 377.493C1783 376.666 1776.87 374.451 1771.42 371.002C1767.65 368.617 1764.31 365.404 1757.63 358.978L1732.53 334.854C1721.45 324.206 1715.91 318.882 1712.62 312.768C1707.87 303.923 1706.26 293.722 1708.08 283.846C1709.34 277.019 1712.98 270.255 1720.26 256.728L1736.31 226.908C1740.46 219.198 1742.54 215.342 1745.21 212.067C1749.08 207.332 1753.89 203.452 1759.33 200.67C1763.09 198.745 1767.3 197.529 1775.71 195.095L1807.57 185.878Z" fill="#444830" fill-opacity="0.1"/>
<path d="M4314.37 2432.41C4316.8 2430.28 4318.01 2429.21 4319.13 2428.34C4335.26 2415.85 4357.78 2415.85 4373.92 2428.34C4375.04 2429.21 4376.25 2430.28 4378.68 2432.41C4379.49 2433.13 4379.89 2433.49 4380.3 2433.83C4386.02 2438.62 4392.83 2441.91 4400.14 2443.4C4400.66 2443.51 4401.19 2443.6 4402.25 2443.79C4405.43 2444.36 4407.02 2444.65 4408.39 2444.98C4428.2 2449.84 4442.24 2467.48 4442.56 2487.92C4442.58 2489.33 4442.5 2490.95 4442.35 2494.18C4442.3 2495.27 4442.27 2495.81 4442.26 2496.34C4442.08 2503.81 4443.77 2511.2 4447.16 2517.85C4447.4 2518.33 4447.66 2518.8 4448.17 2519.76C4449.71 2522.6 4450.48 2524.03 4451.07 2525.31C4459.63 2543.86 4454.62 2565.86 4438.88 2578.85C4437.79 2579.75 4436.48 2580.7 4433.86 2582.59C4432.99 2583.23 4432.55 2583.54 4432.12 2583.87C4426.19 2588.38 4421.47 2594.31 4418.4 2601.12C4418.18 2601.6 4417.97 2602.1 4417.55 2603.1C4416.28 2606.08 4415.65 2607.57 4415.02 2608.83C4405.89 2627.11 4385.6 2636.9 4365.65 2632.66C4364.28 2632.37 4362.72 2631.93 4359.61 2631.06C4358.57 2630.77 4358.05 2630.63 4357.53 2630.5C4350.31 2628.66 4342.74 2628.66 4335.52 2630.5C4335 2630.63 4334.48 2630.77 4333.44 2631.06C4330.33 2631.93 4328.77 2632.37 4327.39 2632.66C4307.44 2636.9 4287.15 2627.11 4278.02 2608.83C4277.39 2607.57 4276.76 2606.08 4275.5 2603.1C4275.08 2602.1 4274.87 2601.6 4274.65 2601.12C4271.58 2594.31 4266.86 2588.38 4260.92 2583.87C4260.5 2583.54 4260.06 2583.23 4259.18 2582.59C4256.57 2580.7 4255.26 2579.75 4254.17 2578.85C4238.42 2565.86 4233.41 2543.86 4241.98 2525.31C4242.57 2524.03 4243.34 2522.6 4244.87 2519.76C4245.39 2518.8 4245.65 2518.33 4245.89 2517.85C4249.28 2511.2 4250.97 2503.81 4250.79 2496.34C4250.78 2495.81 4250.75 2495.27 4250.7 2494.18C4250.55 2490.95 4250.47 2489.33 4250.49 2487.92C4250.8 2467.48 4264.84 2449.84 4284.65 2444.98C4286.02 2444.65 4287.61 2444.36 4290.79 2443.79C4291.86 2443.6 4292.39 2443.51 4292.91 2443.4C4300.21 2441.91 4307.03 2438.62 4312.74 2433.83C4313.15 2433.49 4313.56 2433.13 4314.37 2432.41Z" fill="#444830" fill-opacity="0.1"/>
<path d="M1088.5 1314.08C1109.62 1293.64 1143.21 1293.64 1164.33 1314.08C1170.79 1320.34 1178.71 1324.89 1187.37 1327.35C1215.69 1335.36 1232.48 1364.37 1225.29 1392.82C1223.09 1401.53 1223.09 1410.64 1225.29 1419.35C1232.48 1447.81 1215.69 1476.81 1187.37 1484.83C1178.71 1487.28 1170.79 1491.84 1164.33 1498.09C1143.21 1518.53 1109.62 1518.53 1088.5 1498.09C1082.03 1491.84 1074.11 1487.28 1065.45 1484.83C1037.14 1476.81 1020.34 1447.81 1027.53 1419.35C1029.73 1410.64 1029.73 1401.53 1027.53 1392.82C1020.34 1364.37 1037.14 1335.36 1065.45 1327.35C1074.11 1324.89 1082.03 1320.34 1088.5 1314.08Z" fill="#444830" fill-opacity="0.1"/>
<path d="M670.037 258.933C712.644 240.428 755.889 283.673 737.384 326.281L734.324 333.325C728.675 346.334 728.675 361.103 734.324 374.111L737.384 381.156C755.889 423.764 712.644 467.009 670.036 448.503L662.992 445.444C649.983 439.794 635.214 439.794 622.206 445.444L615.161 448.503C572.553 467.009 529.308 423.764 547.814 381.156L550.873 374.111C556.523 361.103 556.523 346.334 550.873 333.325L547.814 326.28C529.308 283.673 572.553 240.428 615.161 258.933L622.206 261.993C635.214 267.642 649.983 267.642 662.992 261.993L670.037 258.933Z" fill="#444830" fill-opacity="0.1"/>
<path d="M691.012 988.061C697.773 988.52 701.154 988.75 703.886 989.945C707.84 991.674 710.996 994.83 712.725 998.784C713.92 1001.52 714.15 1004.9 714.609 1011.66L715.658 1027.09C715.843 1029.82 715.936 1031.19 716.234 1032.49C716.663 1034.38 717.409 1036.18 718.44 1037.82C719.153 1038.95 720.054 1039.99 721.856 1042.05L732.025 1053.7C736.481 1058.81 738.708 1061.36 739.795 1064.14C741.368 1068.16 741.369 1072.62 739.796 1076.64C738.708 1079.42 736.481 1081.97 732.025 1087.07L721.856 1098.72C720.054 1100.79 719.153 1101.82 718.44 1102.96C717.409 1104.59 716.663 1106.39 716.234 1108.28C715.936 1109.59 715.843 1110.96 715.658 1113.69L714.609 1129.12C714.15 1135.88 713.92 1139.26 712.725 1141.99C710.996 1145.95 707.84 1149.1 703.886 1150.83C701.154 1152.03 697.773 1152.26 691.012 1152.72L675.584 1153.76C672.849 1153.95 671.482 1154.04 670.176 1154.34C668.289 1154.77 666.488 1155.51 664.85 1156.55C663.716 1157.26 662.684 1158.16 660.619 1159.96L648.968 1170.13C643.862 1174.59 641.309 1176.81 638.532 1177.9C634.514 1179.47 630.05 1179.47 626.032 1177.9C623.255 1176.81 620.702 1174.59 615.597 1170.13L603.945 1159.96C601.881 1158.16 600.848 1157.26 599.714 1156.55C598.076 1155.51 596.275 1154.77 594.388 1154.34C593.082 1154.04 591.715 1153.95 588.98 1153.76L573.552 1152.72C566.791 1152.26 563.41 1152.03 560.678 1150.83C556.724 1149.1 553.568 1145.95 551.839 1141.99C550.644 1139.26 550.414 1135.88 549.955 1129.12L548.907 1113.69C548.721 1110.96 548.628 1109.59 548.331 1108.28C547.901 1106.39 547.155 1104.59 546.124 1102.96C545.411 1101.82 544.51 1100.79 542.708 1098.72L532.539 1087.07C528.084 1081.97 525.856 1079.42 524.769 1076.64C523.196 1072.62 523.196 1068.16 524.769 1064.14C525.856 1061.36 528.084 1058.81 532.539 1053.7L542.708 1042.05C544.51 1039.99 545.411 1038.95 546.124 1037.82C547.155 1036.18 547.901 1034.38 548.331 1032.49C548.628 1031.19 548.721 1029.82 548.907 1027.09L549.955 1011.66C550.414 1004.9 550.644 1001.52 551.839 998.784C553.568 994.83 556.724 991.674 560.678 989.945C563.41 988.75 566.791 988.52 573.552 988.061L588.98 987.012C591.715 986.827 593.082 986.734 594.388 986.437C596.275 986.007 598.076 985.261 599.714 984.23C600.848 983.517 601.881 982.616 603.945 980.814L615.597 970.645C620.702 966.19 623.255 963.962 626.032 962.875C630.05 961.302 634.514 961.302 638.532 962.875C641.309 963.962 643.862 966.19 648.968 970.645L660.619 980.814C662.684 982.616 663.716 983.517 664.85 984.23C666.488 985.261 668.289 986.007 670.176 986.437C671.482 986.734 672.849 986.827 675.584 987.012L691.012 988.061Z" fill="#444830" fill-opacity="0.1"/>
<path d="M72.3235 1936.16C89.8793 1968.88 76.6152 1998.51 42.7603 2007.54C33.7281 2041.39 4.10502 2054.65 -28.6163 2037.1C-61.3377 2054.66 -90.9607 2041.39 -99.9896 2007.54C-133.845 1998.51 -147.109 1968.88 -129.553 1936.16C-147.109 1903.44 -133.845 1873.82 -99.9896 1864.79C-90.9607 1830.93 -61.3377 1817.67 -28.6163 1835.23C4.10502 1817.67 33.7281 1830.93 42.7569 1864.79C76.6152 1873.82 89.8759 1903.44 72.3235 1936.16Z" fill="#444830" fill-opacity="0.1"/>
<path d="M1368.19 77.0739C1368.72 72.8803 1368.98 70.7835 1369.38 70.4089C1369.96 69.8637 1370.86 69.8637 1371.44 70.4089C1371.84 70.7835 1372.1 72.8803 1372.63 77.0739L1379.3 130.397C1379.51 132.09 1379.61 132.936 1379.92 133.285C1380.36 133.792 1381.08 133.946 1381.69 133.663C1382.1 133.469 1382.54 132.739 1383.42 131.279L1411.09 85.2931C1413.26 81.6765 1414.35 79.8683 1414.86 79.689C1415.62 79.4281 1416.44 79.7966 1416.75 80.5319C1416.96 81.0371 1416.35 83.0599 1415.13 87.1053L1399.66 138.546C1399.16 140.179 1398.92 140.995 1399.05 141.438C1399.25 142.082 1399.85 142.517 1400.52 142.507C1400.98 142.501 1401.68 142.013 1403.07 141.039L1446.94 110.342C1450.39 107.928 1452.12 106.72 1452.66 106.768C1453.45 106.836 1454.06 107.509 1454.04 108.308C1454.03 108.856 1452.66 110.455 1449.91 113.653L1414.96 154.316C1413.85 155.607 1413.29 156.252 1413.24 156.713C1413.16 157.381 1413.53 158.023 1414.14 158.288C1414.57 158.47 1415.4 158.31 1417.07 157.99L1469.57 147.889C1473.7 147.094 1475.76 146.697 1476.24 146.963C1476.93 147.349 1477.21 148.21 1476.88 148.933C1476.64 149.43 1474.74 150.329 1470.94 152.126L1422.56 174.981C1421.02 175.707 1420.26 176.069 1420.02 176.468C1419.68 177.046 1419.75 177.783 1420.21 178.277C1420.52 178.617 1421.35 178.811 1423 179.2L1475.05 191.442C1479.14 192.405 1481.19 192.886 1481.52 193.324C1481.99 193.961 1481.9 194.862 1481.3 195.385C1480.89 195.744 1478.79 195.787 1474.58 195.873L1421.14 196.968C1419.45 197.002 1418.6 197.02 1418.22 197.287C1417.67 197.675 1417.45 198.379 1417.66 199.017C1417.81 199.456 1418.49 199.971 1419.84 201.002L1462.43 233.47C1465.78 236.024 1467.46 237.301 1467.58 237.835C1467.76 238.613 1467.31 239.397 1466.55 239.629C1466.03 239.789 1464.09 238.969 1460.22 237.329L1410.95 216.474C1409.39 215.812 1408.61 215.481 1408.16 215.571C1407.5 215.702 1407.01 216.252 1406.95 216.923C1406.9 217.385 1407.31 218.132 1408.13 219.627L1433.91 266.707C1435.94 270.41 1436.95 272.261 1436.85 272.8C1436.7 273.584 1435.97 274.116 1435.18 274.018C1434.64 273.95 1433.2 272.409 1430.32 269.326L1393.76 230.128C1392.59 228.884 1392.01 228.262 1391.56 228.158C1390.91 228.009 1390.24 228.31 1389.91 228.898C1389.69 229.303 1389.76 230.153 1389.9 231.853L1394.4 285.405C1394.76 289.617 1394.94 291.723 1394.62 292.172C1394.17 292.827 1393.29 293.015 1392.61 292.603C1392.14 292.32 1391.45 290.324 1390.07 286.332L1372.52 235.568C1371.96 233.956 1371.68 233.151 1371.32 232.873C1370.78 232.469 1370.04 232.469 1369.51 232.873C1369.14 233.151 1368.86 233.956 1368.3 235.568L1350.75 286.332C1349.37 290.324 1348.68 292.32 1348.21 292.603C1347.53 293.015 1346.65 292.827 1346.2 292.172C1345.89 291.723 1346.06 289.617 1346.42 285.405L1350.92 231.853C1351.06 230.153 1351.13 229.303 1350.91 228.898C1350.58 228.31 1349.91 228.009 1349.26 228.158C1348.81 228.262 1348.23 228.884 1347.07 230.128L1310.5 269.326C1307.62 272.409 1306.18 273.95 1305.64 274.018C1304.85 274.116 1304.13 273.584 1303.97 272.8C1303.87 272.261 1304.88 270.41 1306.91 266.707L1332.69 219.627C1333.51 218.132 1333.92 217.385 1333.88 216.923C1333.82 216.252 1333.32 215.702 1332.67 215.571C1332.21 215.481 1331.43 215.812 1329.87 216.474L1280.6 237.329C1276.73 238.969 1274.79 239.789 1274.27 239.629C1273.51 239.397 1273.06 238.613 1273.24 237.835C1273.36 237.301 1275.04 236.024 1278.39 233.47L1320.98 201.002C1322.33 199.971 1323.01 199.456 1323.16 199.017C1323.38 198.379 1323.15 197.675 1322.6 197.287C1322.22 197.02 1321.38 197.002 1319.68 196.968L1266.24 195.873C1262.03 195.787 1259.93 195.744 1259.52 195.385C1258.92 194.862 1258.83 193.961 1259.31 193.324C1259.63 192.886 1261.68 192.405 1265.77 191.442L1317.82 179.2C1319.47 178.811 1320.3 178.617 1320.61 178.277C1321.07 177.783 1321.15 177.046 1320.8 176.468C1320.57 176.069 1319.8 175.707 1318.26 174.981L1269.88 152.126C1266.08 150.329 1264.18 149.43 1263.95 148.933C1263.61 148.21 1263.89 147.349 1264.58 146.963C1265.06 146.697 1267.12 147.094 1271.25 147.889L1323.75 157.99C1325.42 158.31 1326.25 158.47 1326.68 158.288C1327.29 158.023 1327.66 157.381 1327.58 156.713C1327.53 156.252 1326.97 155.607 1325.86 154.316L1290.91 113.653C1288.16 110.455 1286.79 108.856 1286.78 108.308C1286.76 107.509 1287.37 106.836 1288.16 106.768C1288.7 106.72 1290.43 107.928 1293.88 110.342L1337.75 141.039C1339.15 142.013 1339.84 142.501 1340.3 142.507C1340.97 142.517 1341.57 142.082 1341.77 141.438C1341.9 140.995 1341.66 140.179 1341.17 138.546L1325.69 87.1053C1324.47 83.0598 1323.86 81.0371 1324.07 80.5319C1324.38 79.7966 1325.21 79.4281 1325.96 79.689C1326.47 79.8683 1327.56 81.6765 1329.74 85.2931L1357.4 131.279C1358.28 132.739 1358.72 133.469 1359.13 133.663C1359.74 133.946 1360.46 133.792 1360.9 133.285C1361.21 132.936 1361.31 132.09 1361.53 130.397L1368.19 77.0739Z" fill="#444830" fill-opacity="0.1"/>
<path d="M3670.87 764.264C3685.8 689.245 3636.17 689.245 3651.1 764.264C3636.17 689.245 3590.32 708.233 3632.82 771.834C3590.32 708.233 3555.23 743.321 3618.83 785.817C3555.23 743.321 3536.25 789.171 3611.26 804.087C3536.25 789.163 3536.25 838.789 3611.26 823.864C3536.25 838.789 3555.24 884.631 3618.83 842.135C3555.24 884.631 3590.33 919.719 3632.82 856.118C3590.32 919.71 3636.17 938.697 3651.09 863.688C3636.16 938.706 3685.79 938.706 3670.86 863.688C3685.79 938.706 3731.63 919.71 3689.13 856.118C3731.63 919.71 3766.72 884.622 3703.12 842.135C3766.71 884.631 3785.7 838.78 3710.69 823.864C3785.71 838.789 3785.71 789.163 3710.69 804.087C3785.71 789.163 3766.71 743.321 3703.12 785.817C3766.71 743.321 3731.62 708.233 3689.13 771.834C3731.63 708.242 3685.78 689.254 3670.86 764.264H3670.87Z" fill="#444830" fill-opacity="0.1"/>
<path d="M2302.87 1004.26C2317.8 929.245 2268.17 929.245 2283.1 1004.26C2268.17 929.245 2222.32 948.233 2264.82 1011.83C2222.32 948.233 2187.23 983.321 2250.83 1025.82C2187.23 983.321 2168.25 1029.17 2243.26 1044.09C2168.25 1029.16 2168.25 1078.79 2243.26 1063.86C2168.25 1078.79 2187.24 1124.63 2250.83 1082.13C2187.24 1124.63 2222.33 1159.72 2264.82 1096.12C2222.32 1159.71 2268.17 1178.7 2283.09 1103.69C2268.16 1178.71 2317.79 1178.71 2302.86 1103.69C2317.79 1178.71 2363.63 1159.71 2321.13 1096.12C2363.63 1159.71 2398.72 1124.62 2335.12 1082.13C2398.71 1124.63 2417.7 1078.78 2342.69 1063.86C2417.71 1078.79 2417.71 1029.16 2342.69 1044.09C2417.71 1029.16 2398.71 983.321 2335.12 1025.82C2398.71 983.321 2363.62 948.233 2321.13 1011.83C2363.63 948.242 2317.78 929.254 2302.86 1004.26H2302.87Z" fill="#444830" fill-opacity="0.1"/>
<path d="M3620.18 2441.76C3615.81 2428.59 3615.86 2413.85 3621.36 2399.91C3633.77 2368.48 3669.17 2353 3700.44 2365.35C3714.59 2370.93 3725.47 2381.26 3731.99 2393.8C3745.3 2389.08 3760.26 2388.96 3774.38 2394.53C3805.58 2406.84 3820.81 2442.3 3808.4 2473.73C3802.9 2487.68 3792.88 2498.48 3780.71 2505.12C3785.07 2518.28 3785.01 2533.01 3779.5 2546.96C3767.1 2578.39 3731.75 2593.88 3700.56 2581.57C3686.44 2576 3675.59 2565.68 3669.1 2553.15C3655.76 2557.86 3640.77 2557.97 3626.61 2552.39C3595.35 2540.04 3580.06 2504.56 3592.46 2473.13C3597.97 2459.19 3608 2448.39 3620.18 2441.76Z" fill="#444830" fill-opacity="0.1"/>
<path d="M-14.8991 185.393C-36.8782 136.509 -13.086 78.1724 38.2422 55.0943C89.5704 32.0162 148.998 52.936 170.977 101.82L198.835 163.779C207.626 183.332 198.109 206.667 177.578 215.898C171.493 218.634 165.122 219.824 158.942 219.635C155.793 219.539 152.595 219.319 149.384 219.098C138.083 218.32 126.614 217.531 116.501 222.078L111.21 224.457C101.098 229.004 94.0764 238.107 87.1577 247.076C85.1918 249.625 83.2342 252.163 81.2162 254.582C77.2559 259.331 72.1381 263.306 66.0525 266.042C45.5212 275.273 21.7503 266.905 12.9587 247.352L-14.8991 185.393Z" fill="#444830" fill-opacity="0.1"/>
<path d="M2321.16 2478.09C2322.34 2477.12 2322.94 2476.63 2323.48 2476.22C2336.24 2466.59 2353.86 2466.59 2366.62 2476.22C2367.17 2476.63 2367.76 2477.12 2368.95 2478.09C2369.48 2478.52 2369.74 2478.74 2370 2478.94C2376.01 2483.66 2383.37 2486.33 2391.01 2486.57C2391.34 2486.58 2391.69 2486.58 2392.37 2486.59C2393.9 2486.61 2394.67 2486.62 2395.35 2486.66C2411.33 2487.46 2424.83 2498.76 2428.4 2514.33C2428.55 2514.99 2428.69 2515.74 2428.98 2517.24C2429.1 2517.91 2429.17 2518.25 2429.24 2518.57C2430.8 2526.04 2434.71 2532.81 2440.41 2537.89C2440.66 2538.11 2440.92 2538.33 2441.44 2538.78C2442.6 2539.78 2443.18 2540.28 2443.68 2540.74C2455.41 2551.6 2458.47 2568.92 2451.17 2583.13C2450.86 2583.73 2450.49 2584.4 2449.74 2585.73C2449.4 2586.33 2449.24 2586.63 2449.08 2586.92C2445.47 2593.64 2444.1 2601.34 2445.2 2608.89C2445.25 2609.22 2445.3 2609.55 2445.41 2610.23C2445.66 2611.74 2445.78 2612.49 2445.87 2613.16C2447.85 2629.01 2439.04 2644.23 2424.29 2650.44C2423.67 2650.71 2422.95 2650.98 2421.52 2651.52C2420.88 2651.76 2420.56 2651.88 2420.25 2652C2413.15 2654.83 2407.15 2659.86 2403.12 2666.34C2402.95 2666.63 2402.77 2666.92 2402.42 2667.51C2401.64 2668.82 2401.25 2669.48 2400.88 2670.05C2392.19 2683.45 2375.63 2689.47 2360.34 2684.77C2359.69 2684.57 2358.96 2684.32 2357.52 2683.81C2356.87 2683.59 2356.55 2683.47 2356.23 2683.37C2348.97 2680.99 2341.13 2680.99 2333.87 2683.37C2333.56 2683.47 2333.23 2683.59 2332.59 2683.81C2331.14 2684.32 2330.42 2684.57 2329.77 2684.77C2314.47 2689.47 2297.92 2683.45 2289.23 2670.05C2288.86 2669.48 2288.47 2668.82 2287.68 2667.51C2287.33 2666.92 2287.16 2666.63 2286.98 2666.34C2282.96 2659.86 2276.95 2654.83 2269.86 2652C2269.55 2651.88 2269.23 2651.76 2268.59 2651.52C2267.15 2650.98 2266.44 2650.71 2265.81 2650.44C2251.07 2644.23 2242.26 2629.01 2244.24 2613.16C2244.32 2612.49 2244.45 2611.74 2244.69 2610.23C2244.8 2609.55 2244.86 2609.22 2244.91 2608.89C2246 2601.34 2244.64 2593.64 2241.02 2586.92C2240.87 2586.63 2240.7 2586.33 2240.36 2585.73C2239.61 2584.4 2239.24 2583.73 2238.93 2583.13C2231.64 2568.92 2234.7 2551.6 2246.42 2540.74C2246.92 2540.28 2247.5 2539.78 2248.66 2538.78C2249.18 2538.33 2249.44 2538.11 2249.69 2537.89C2255.39 2532.81 2259.31 2526.04 2260.87 2518.57C2260.94 2518.25 2261 2517.91 2261.13 2517.24C2261.41 2515.74 2261.55 2514.99 2261.71 2514.33C2265.27 2498.76 2278.77 2487.46 2294.76 2486.66C2295.43 2486.62 2296.2 2486.61 2297.73 2486.59C2298.42 2486.58 2298.76 2486.58 2299.09 2486.57C2306.73 2486.33 2314.1 2483.66 2320.1 2478.94C2320.36 2478.74 2320.63 2478.52 2321.16 2478.09Z" fill="#444830" fill-opacity="0.1"/>
<path d="M1079.6 593.537C1084.25 586.154 1095.14 586.154 1099.78 593.537L1110.91 611.234C1113.97 616.088 1120.13 618.061 1125.49 615.904L1145.04 608.038C1153.2 604.757 1162.01 611.071 1161.37 619.735L1159.82 640.504C1159.4 646.2 1163.21 651.366 1168.83 652.73L1189.34 657.7C1197.89 659.774 1201.26 669.99 1195.57 676.626L1181.95 692.534C1178.21 696.897 1178.21 703.283 1181.95 707.646L1195.57 723.553C1201.26 730.19 1197.89 740.406 1189.34 742.479L1168.83 747.45C1163.21 748.813 1159.4 753.979 1159.82 759.676L1161.37 780.444C1162.01 789.109 1153.2 795.423 1145.04 792.141L1125.49 784.276C1120.13 782.119 1113.97 784.092 1110.91 788.946L1099.78 806.643C1095.14 814.025 1084.25 814.025 1079.6 806.643L1068.47 788.946C1065.42 784.092 1059.26 782.119 1053.9 784.276L1034.34 792.141C1026.19 795.423 1017.38 789.109 1018.02 780.444L1019.56 759.676C1019.99 753.979 1016.18 748.813 1010.55 747.45L990.048 742.48C981.493 740.406 978.127 730.19 983.812 723.553L997.44 707.646C1001.18 703.283 1001.18 696.897 997.44 692.534L983.812 676.626C978.127 669.99 981.493 659.774 990.048 657.7L1010.55 652.73C1016.18 651.366 1019.99 646.2 1019.56 640.504L1018.02 619.735C1017.38 611.071 1026.19 604.757 1034.34 608.038L1053.9 615.904C1059.26 618.061 1065.42 616.088 1068.47 611.234L1079.6 593.537Z" fill="#444830" fill-opacity="0.1"/>
<path d="M4020.16 1541.66L3940.17 1574.19L3945.35 1586.91L3918.08 1598L3924.73 1614.36L3908.37 1621.02L3920.2 1650.11L3905.66 1656.02L3938.19 1736.01L3952.73 1730.09L3964.56 1759.18L3980.92 1752.53L3987.58 1768.89L4014.84 1757.8L4020.02 1770.52L4100.01 1738L4094.83 1725.27L4122.1 1714.18L4115.45 1697.82L4131.81 1691.16L4119.98 1662.08L4134.52 1656.16L4101.99 1576.17L4087.45 1582.09L4075.62 1553L4059.26 1559.66L4052.61 1543.29L4025.34 1554.38L4020.16 1541.66Z" fill="#444830" fill-opacity="0.1"/>
<path d="M822.875 2486.86C823.393 2485.93 823.652 2485.47 823.968 2485.27C824.425 2484.99 825.003 2484.99 825.46 2485.27C825.776 2485.47 826.035 2485.93 826.553 2486.86L844.358 2518.68C844.677 2519.25 844.836 2519.54 845.051 2519.71C845.363 2519.96 845.766 2520.07 846.161 2520.01C846.435 2519.97 846.715 2519.8 847.275 2519.47L878.609 2500.81C879.521 2500.26 879.976 2499.99 880.347 2499.98C880.884 2499.97 881.384 2500.25 881.639 2500.73C881.815 2501.05 881.808 2501.58 881.794 2502.64L881.3 2539.11C881.291 2539.76 881.287 2540.09 881.387 2540.35C881.531 2540.72 881.826 2541.01 882.199 2541.16C882.457 2541.26 882.783 2541.25 883.436 2541.25L919.901 2540.75C920.962 2540.74 921.493 2540.73 921.819 2540.91C922.292 2541.16 922.58 2541.66 922.565 2542.2C922.555 2542.57 922.283 2543.03 921.74 2543.94L903.08 2575.27C902.746 2575.83 902.579 2576.11 902.537 2576.38C902.475 2576.78 902.583 2577.18 902.834 2577.49C903.007 2577.71 903.292 2577.87 903.861 2578.19L935.688 2595.99C936.615 2596.51 937.078 2596.77 937.272 2597.09C937.554 2597.54 937.554 2598.12 937.272 2598.58C937.078 2598.89 936.615 2599.15 935.688 2599.67L903.861 2617.48C903.292 2617.79 903.007 2617.95 902.834 2618.17C902.583 2618.48 902.475 2618.88 902.537 2619.28C902.579 2619.55 902.746 2619.83 903.08 2620.39L921.74 2651.73C922.283 2652.64 922.555 2653.09 922.565 2653.46C922.58 2654 922.292 2654.5 921.819 2654.76C921.493 2654.93 920.962 2654.93 919.901 2654.91L883.436 2654.42C882.783 2654.41 882.457 2654.4 882.199 2654.5C881.826 2654.65 881.531 2654.94 881.387 2655.32C881.287 2655.57 881.291 2655.9 881.3 2656.55L881.794 2693.02C881.808 2694.08 881.815 2694.61 881.639 2694.94C881.384 2695.41 880.884 2695.7 880.347 2695.68C879.976 2695.67 879.521 2695.4 878.609 2694.86L847.275 2676.2C846.715 2675.86 846.435 2675.7 846.161 2675.65C845.766 2675.59 845.363 2675.7 845.051 2675.95C844.836 2676.13 844.677 2676.41 844.358 2676.98L826.553 2708.81C826.035 2709.73 825.776 2710.2 825.46 2710.39C825.003 2710.67 824.425 2710.67 823.968 2710.39C823.652 2710.2 823.393 2709.73 822.875 2708.81L805.07 2676.98C804.751 2676.41 804.592 2676.13 804.377 2675.95C804.065 2675.7 803.662 2675.59 803.267 2675.65C802.993 2675.7 802.713 2675.86 802.153 2676.2L770.819 2694.86C769.908 2695.4 769.452 2695.67 769.081 2695.68C768.544 2695.7 768.044 2695.41 767.789 2694.94C767.613 2694.61 767.62 2694.08 767.634 2693.02L768.128 2656.55C768.137 2655.9 768.141 2655.57 768.041 2655.32C767.897 2654.94 767.602 2654.65 767.229 2654.5C766.971 2654.4 766.645 2654.41 765.992 2654.42L729.527 2654.91C728.466 2654.93 727.935 2654.93 727.609 2654.76C727.136 2654.5 726.848 2654 726.863 2653.46C726.873 2653.09 727.145 2652.64 727.688 2651.73L746.348 2620.39C746.682 2619.83 746.849 2619.55 746.891 2619.28C746.953 2618.88 746.845 2618.48 746.594 2618.17C746.421 2617.95 746.136 2617.79 745.567 2617.48L713.74 2599.67C712.813 2599.15 712.35 2598.89 712.156 2598.58C711.874 2598.12 711.874 2597.54 712.156 2597.09C712.35 2596.77 712.813 2596.51 713.74 2595.99L745.567 2578.19C746.136 2577.87 746.421 2577.71 746.594 2577.49C746.845 2577.18 746.953 2576.78 746.891 2576.38C746.849 2576.11 746.682 2575.83 746.348 2575.27L727.688 2543.94C727.145 2543.03 726.873 2542.57 726.863 2542.2C726.848 2541.66 727.136 2541.16 727.609 2540.91C727.935 2540.73 728.466 2540.74 729.527 2540.75L765.992 2541.25C766.645 2541.25 766.971 2541.26 767.229 2541.16C767.602 2541.01 767.897 2540.72 768.041 2540.35C768.141 2540.09 768.137 2539.76 768.128 2539.11L767.634 2502.64C767.62 2501.58 767.613 2501.05 767.789 2500.73C768.044 2500.25 768.544 2499.97 769.081 2499.98C769.452 2499.99 769.908 2500.26 770.819 2500.81L802.153 2519.47C802.713 2519.8 802.993 2519.97 803.267 2520.01C803.662 2520.07 804.065 2519.96 804.377 2519.71C804.592 2519.54 804.751 2519.25 805.07 2518.68L822.875 2486.86Z" fill="#444830" fill-opacity="0.1"/>
<path d="M2477.93 430.795C2478.45 429.868 2478.71 429.405 2479.02 429.211C2479.48 428.93 2480.06 428.93 2480.52 429.211C2480.83 429.405 2481.09 429.868 2481.61 430.795L2499.41 462.622C2499.73 463.191 2499.89 463.476 2500.11 463.649C2500.42 463.9 2500.82 464.008 2501.22 463.947C2501.49 463.904 2501.77 463.737 2502.33 463.404L2533.66 444.743C2534.58 444.2 2535.03 443.928 2535.4 443.918C2535.94 443.903 2536.44 444.192 2536.69 444.664C2536.87 444.99 2536.86 445.521 2536.85 446.582L2536.36 483.048C2536.35 483.7 2536.34 484.026 2536.44 484.284C2536.59 484.657 2536.88 484.952 2537.25 485.097C2537.51 485.196 2537.84 485.192 2538.49 485.183L2574.96 484.689C2576.02 484.675 2576.55 484.668 2576.87 484.844C2577.35 485.1 2577.64 485.599 2577.62 486.136C2577.61 486.507 2577.34 486.963 2576.8 487.875L2558.13 519.208C2557.8 519.768 2557.63 520.049 2557.59 520.322C2557.53 520.717 2557.64 521.12 2557.89 521.432C2558.06 521.647 2558.35 521.807 2558.92 522.125L2590.74 539.93C2591.67 540.448 2592.13 540.707 2592.33 541.023C2592.61 541.481 2592.61 542.058 2592.33 542.515C2592.13 542.831 2591.67 543.09 2590.74 543.608L2558.92 561.413C2558.35 561.732 2558.06 561.891 2557.89 562.106C2557.64 562.418 2557.53 562.821 2557.59 563.217C2557.63 563.49 2557.8 563.77 2558.13 564.331L2576.8 595.664C2577.34 596.576 2577.61 597.032 2577.62 597.402C2577.64 597.939 2577.35 598.439 2576.87 598.694C2576.55 598.871 2576.02 598.863 2574.96 598.849L2538.49 598.355C2537.84 598.346 2537.51 598.342 2537.25 598.442C2536.88 598.587 2536.59 598.881 2536.44 599.255C2536.34 599.512 2536.35 599.838 2536.36 600.491L2536.85 636.956C2536.86 638.018 2536.87 638.548 2536.69 638.874C2536.44 639.347 2535.94 639.635 2535.4 639.62C2535.03 639.61 2534.58 639.338 2533.66 638.795L2502.33 620.135C2501.77 619.801 2501.49 619.634 2501.22 619.592C2500.82 619.531 2500.42 619.639 2500.11 619.889C2499.89 620.062 2499.73 620.347 2499.41 620.917L2481.61 652.744C2481.09 653.67 2480.83 654.133 2480.52 654.327C2480.06 654.609 2479.48 654.609 2479.02 654.327C2478.71 654.133 2478.45 653.67 2477.93 652.744L2460.13 620.917C2459.81 620.347 2459.65 620.062 2459.43 619.889C2459.12 619.639 2458.72 619.531 2458.32 619.592C2458.05 619.634 2457.77 619.801 2457.21 620.135L2425.87 638.795C2424.96 639.338 2424.51 639.61 2424.14 639.62C2423.6 639.635 2423.1 639.347 2422.84 638.874C2422.67 638.548 2422.67 638.018 2422.69 636.956L2423.18 600.491C2423.19 599.838 2423.2 599.512 2423.1 599.255C2422.95 598.881 2422.66 598.587 2422.28 598.442C2422.03 598.342 2421.7 598.346 2421.05 598.355L2384.58 598.849C2383.52 598.863 2382.99 598.871 2382.66 598.694C2382.19 598.439 2381.9 597.939 2381.92 597.402C2381.93 597.032 2382.2 596.576 2382.74 595.664L2401.4 564.331C2401.74 563.77 2401.9 563.49 2401.95 563.217C2402.01 562.821 2401.9 562.418 2401.65 562.106C2401.48 561.891 2401.19 561.732 2400.62 561.413L2368.79 543.608C2367.87 543.09 2367.41 542.831 2367.21 542.515C2366.93 542.058 2366.93 541.481 2367.21 541.023C2367.41 540.707 2367.87 540.448 2368.79 539.93L2400.62 522.125C2401.19 521.807 2401.48 521.647 2401.65 521.432C2401.9 521.12 2402.01 520.717 2401.95 520.322C2401.9 520.049 2401.74 519.768 2401.4 519.208L2382.74 487.875C2382.2 486.963 2381.93 486.507 2381.92 486.136C2381.9 485.599 2382.19 485.1 2382.66 484.844C2382.99 484.668 2383.52 484.675 2384.58 484.689L2421.05 485.183C2421.7 485.192 2422.03 485.196 2422.28 485.097C2422.66 484.952 2422.95 484.657 2423.1 484.284C2423.2 484.026 2423.19 483.7 2423.18 483.048L2422.69 446.582C2422.67 445.521 2422.67 444.99 2422.84 444.664C2423.1 444.192 2423.6 443.903 2424.14 443.918C2424.51 443.928 2424.96 444.2 2425.87 444.743L2457.21 463.404C2457.77 463.737 2458.05 463.904 2458.32 463.947C2458.72 464.008 2459.12 463.9 2459.43 463.649C2459.65 463.476 2459.81 463.191 2460.13 462.622L2477.93 430.795Z" fill="#444830" fill-opacity="0.1"/>
<path fill-rule="evenodd" clip-rule="evenodd" d="M3776.54 1234.84C3768.48 1226.77 3750.1 1230.76 3727.92 1243.54C3721.28 1218.82 3711.1 1203 3699.69 1203C3688.28 1203 3678.11 1218.82 3671.46 1243.54C3649.29 1230.76 3630.91 1226.77 3622.84 1234.83C3614.77 1242.9 3618.76 1261.28 3631.55 1283.46C3606.82 1290.11 3591 1300.28 3591 1311.69C3591 1323.1 3606.82 1333.28 3631.54 1339.92C3618.75 1362.1 3614.76 1380.48 3622.83 1388.55C3630.9 1396.62 3649.28 1392.63 3671.46 1379.84C3678.1 1404.57 3688.28 1420.39 3699.69 1420.39C3711.1 1420.39 3721.28 1404.56 3727.92 1379.83C3750.1 1392.63 3768.49 1396.62 3776.56 1388.55C3784.62 1380.48 3780.63 1362.1 3767.85 1339.92C3792.57 1333.28 3808.39 1323.1 3808.39 1311.69C3808.39 1300.28 3792.56 1290.11 3767.83 1283.46C3780.62 1261.28 3784.61 1242.9 3776.54 1234.84Z" fill="#444830" fill-opacity="0.1"/>
<path fill-rule="evenodd" clip-rule="evenodd" d="M2309.54 1471.84C2301.48 1463.77 2283.1 1467.76 2260.92 1480.54C2254.28 1455.82 2244.1 1440 2232.69 1440C2221.28 1440 2211.11 1455.82 2204.46 1480.54C2182.29 1467.76 2163.91 1463.77 2155.84 1471.83C2147.77 1479.9 2151.76 1498.28 2164.55 1520.46C2139.82 1527.11 2124 1537.28 2124 1548.69C2124 1560.1 2139.82 1570.28 2164.54 1576.92C2151.75 1599.1 2147.76 1617.48 2155.83 1625.55C2163.9 1633.62 2182.28 1629.63 2204.46 1616.84C2211.1 1641.57 2221.28 1657.39 2232.69 1657.39C2244.1 1657.39 2254.28 1641.56 2260.92 1616.83C2283.1 1629.63 2301.49 1633.62 2309.56 1625.55C2317.62 1617.48 2313.63 1599.1 2300.85 1576.92C2325.57 1570.28 2341.39 1560.1 2341.39 1548.69C2341.39 1537.28 2325.56 1527.11 2300.83 1520.46C2313.62 1498.28 2317.61 1479.9 2309.54 1471.84Z" fill="#444830" fill-opacity="0.1"/>
<path d="M3312.59 2613.17C3312.38 2598.17 3300.06 2586.17 3285.04 2586.37C3284.21 2586.37 3283.4 2586.43 3282.59 2586.52C3283.22 2586 3283.84 2585.48 3284.43 2584.9C3295.18 2574.44 3295.41 2557.23 3284.94 2546.49C3284.33 2545.86 3283.71 2545.23 3283.08 2544.63C3272.33 2534.17 3255.13 2534.39 3244.65 2545.14C3244.07 2545.73 3243.54 2546.35 3243.03 2546.97C3243.11 2546.17 3243.16 2545.35 3243.18 2544.53C3243.39 2529.53 3231.38 2517.21 3216.38 2517C3215.94 2517 3215.5 2517 3215.06 2517H3214.16C3203.04 2517 3193.51 2523.68 3189.3 2533.24C3185.09 2523.68 3175.54 2517 3164.43 2517H3163.54C3163.1 2517 3162.66 2517 3162.22 2517C3147.22 2517.2 3135.21 2529.52 3135.41 2544.53C3135.41 2545.35 3135.47 2546.17 3135.56 2546.97C3135.04 2546.35 3134.52 2545.73 3133.94 2545.14C3123.47 2534.39 3106.26 2534.17 3095.5 2544.63C3094.87 2545.24 3094.25 2545.86 3093.64 2546.49C3083.18 2557.23 3083.4 2574.43 3094.16 2584.9C3094.75 2585.48 3095.36 2586 3095.99 2586.52C3095.19 2586.43 3094.37 2586.38 3093.54 2586.37C3078.54 2586.17 3066.21 2598.17 3066 2613.17C3066 2613.61 3066 2614.04 3066 2614.48C3066 2614.92 3066 2615.36 3066 2615.8C3066.2 2630.8 3078.53 2642.8 3093.54 2642.6C3094.37 2642.6 3095.19 2642.54 3095.99 2642.45C3095.36 2642.96 3094.75 2643.49 3094.16 2644.07C3083.4 2654.53 3083.18 2671.73 3093.64 2682.48C3094.26 2683.11 3094.87 2683.74 3095.5 2684.34C3106.26 2694.8 3123.46 2694.58 3133.94 2683.83C3134.52 2683.24 3135.04 2682.62 3135.56 2681.99C3135.47 2682.8 3135.42 2683.61 3135.41 2684.44C3135.21 2699.44 3147.21 2711.77 3162.22 2711.97C3162.66 2711.97 3163.1 2711.97 3163.54 2711.97H3164.43C3175.55 2711.97 3185.09 2705.29 3189.3 2695.73C3193.51 2705.29 3203.06 2711.97 3214.16 2711.97H3215.06C3215.5 2711.97 3215.94 2711.97 3216.38 2711.97C3231.38 2711.77 3243.39 2699.45 3243.19 2684.44C3243.19 2683.61 3243.13 2682.8 3243.04 2681.99C3243.55 2682.62 3244.08 2683.24 3244.66 2683.83C3255.13 2694.58 3272.34 2694.8 3283.1 2684.34C3283.72 2683.73 3284.35 2683.11 3284.96 2682.48C3295.42 2671.73 3295.2 2654.54 3284.44 2644.07C3283.85 2643.49 3283.23 2642.96 3282.61 2642.45C3283.41 2642.54 3284.23 2642.59 3285.06 2642.6C3300.06 2642.8 3312.4 2630.81 3312.6 2615.8C3312.6 2615.36 3312.6 2614.92 3312.6 2614.48C3312.6 2614.04 3312.6 2613.61 3312.6 2613.17H3312.59Z" fill="#444830" fill-opacity="0.1"/>
<path d="M1367.13 3024.83C1375.34 3016.62 1378.12 3005.03 1375.46 2994.54C1385.96 2997.2 1397.56 2994.43 1405.78 2986.21C1418.19 2973.8 1418.19 2953.68 1405.78 2941.27C1397.61 2933.1 1386.1 2930.31 1375.65 2932.9C1377.98 2922.61 1375.14 2911.39 1367.13 2903.38C1358.9 2895.15 1347.28 2892.38 1336.76 2895.07C1339.55 2884.49 1336.8 2872.76 1328.51 2864.47C1316.1 2852.06 1295.98 2852.06 1283.57 2864.47C1275.33 2872.71 1272.56 2884.35 1275.26 2894.88C1264.96 2892.52 1253.7 2895.35 1245.68 2903.38C1237.67 2911.39 1234.83 2922.62 1237.16 2932.9C1226.7 2930.31 1215.18 2933.1 1207.01 2941.27C1194.6 2953.68 1194.6 2973.8 1207.01 2986.21C1215.23 2994.43 1226.84 2997.21 1237.34 2994.53C1234.69 3005.03 1237.46 3016.62 1245.68 3024.83C1253.67 3032.82 1264.86 3035.67 1275.13 3033.36C1272.65 3043.75 1275.47 3055.14 1283.57 3063.24C1295.98 3075.65 1316.1 3075.65 1328.51 3063.24C1336.66 3055.09 1339.45 3043.61 1336.9 3033.18C1347.37 3035.81 1358.93 3033.03 1367.13 3024.83Z" fill="#444830" fill-opacity="0.1"/>
<path d="M4279 912.877C4265.98 919.73 4257.57 931.957 4255.01 945.509L4245.55 982.204L4245.5 982.124L4209.9 969.143C4197.28 963.584 4182.44 963.585 4169.42 970.438C4146.54 982.476 4137.92 1011.09 4150.16 1034.35C4160.92 1054.79 4186.02 1061.09 4206.09 1069.27C4226.09 1077.42 4246.09 1085.56 4266.09 1093.71L4310.98 1111.99C4312.2 1112.48 4313.41 1112.98 4314.62 1113.47L4314.67 1113.55C4314.95 1112.27 4315.23 1110.99 4315.51 1109.71C4318.96 1093.93 4322.41 1078.14 4325.86 1062.36C4330.47 1041.26 4335.08 1020.16 4339.69 999.067C4344.32 977.894 4353.34 953.64 4342.58 933.198C4330.34 909.937 4301.87 900.84 4279 912.877Z" fill="#444830" fill-opacity="0.1"/>
<path d="M581.215 1652.33H543.416V1869.72H581.215V1850.82H610.374V1832.86H640.613V1812.06H665.452V1795.05H690.291V1774.26H711.891V1747.79H690.291V1727H665.452V1709.99H640.613V1689.19H610.374V1671.24H581.215V1652.33Z" fill="#444830" fill-opacity="0.1"/>
<path d="M1678.8 1653H1641V1870.39H1678.8V1851.48H1707.96V1833.53H1738.2V1812.73H1763.04V1795.72H1787.88V1774.93H1809.47V1748.46H1787.88V1727.67H1763.04V1710.65H1738.2V1689.86H1707.96V1671.9H1678.8V1653Z" fill="#444830" fill-opacity="0.1"/>
<path d="M3282 3050.82C3287.77 3033.41 3297.15 3018.36 3310.13 3005.68C3323.11 2992.99 3338.46 2984.13 3356.19 2979.08L3345.44 2942.76C3344.8 2941.03 3344.93 2939.39 3345.83 2937.85C3346.73 2936.31 3348.11 2935.32 3349.97 2934.89C3351.5 2934.38 3353.03 2934.58 3354.57 2935.48C3356.11 2936.37 3357.2 2937.69 3357.84 2939.42L3368.59 2975.74C3384.31 2973.21 3399.98 2973.81 3415.59 2977.57C3431.19 2981.33 3445.42 2987.92 3458.26 2997.33L3484.37 2969.89C3485.73 2968.64 3487.29 2967.96 3489.08 2967.86C3490.86 2967.76 3492.31 2968.29 3493.44 2969.44C3494.9 2970.67 3495.68 2972.17 3495.78 2973.95C3495.88 2975.73 3495.25 2977.25 3493.89 2978.51L3467.78 3005.95C3481.27 3018.51 3490.91 3033.39 3496.69 3050.6C3502.48 3067.8 3503.98 3085.47 3501.19 3103.59L3282 3050.82ZM3348.38 3037.81C3351.86 3038.65 3355.1 3038.16 3358.09 3036.33C3361.08 3034.5 3362.99 3031.84 3363.83 3028.36C3364.67 3024.87 3364.18 3021.63 3362.35 3018.64C3360.52 3015.66 3357.86 3013.74 3354.37 3012.9C3350.89 3012.06 3347.65 3012.56 3344.66 3014.39C3341.67 3016.21 3339.76 3018.87 3338.92 3022.36C3338.08 3025.85 3338.58 3029.08 3340.4 3032.07C3342.23 3035.06 3344.89 3036.97 3348.38 3037.81ZM3448.01 3061.8C3451.5 3062.64 3454.73 3062.15 3457.72 3060.32C3460.71 3058.49 3462.62 3055.83 3463.46 3052.35C3464.3 3048.86 3463.81 3045.62 3461.98 3042.63C3460.15 3039.65 3457.49 3037.73 3454.01 3036.89C3450.52 3036.05 3447.28 3036.55 3444.3 3038.38C3441.31 3040.2 3439.39 3042.86 3438.55 3046.35C3437.71 3049.84 3438.21 3053.07 3440.04 3056.06C3441.87 3059.05 3444.52 3060.96 3448.01 3061.8Z" fill="#444830" fill-opacity="0.1"/>
<path d="M2648.02 2821.43C2635.31 2794.52 2646.81 2762.4 2673.72 2749.69L2761.93 2708.02C2788.84 2695.31 2820.96 2706.81 2833.67 2733.72C2844.15 2755.91 2838.17 2781.65 2820.65 2797.12C2820.54 2797.22 2820.5 2797.39 2820.57 2797.52C2820.63 2797.66 2820.78 2797.74 2820.93 2797.71C2844.01 2794.01 2867.69 2805.73 2878.17 2827.92C2890.89 2854.83 2879.38 2886.95 2852.47 2899.66L2764.26 2941.33C2737.35 2954.04 2705.23 2942.54 2692.52 2915.63C2682.11 2893.58 2687.95 2868.04 2705.2 2852.53C2705.36 2852.39 2705.4 2852.17 2705.31 2851.97C2705.22 2851.78 2705.02 2851.68 2704.81 2851.71C2681.88 2855.19 2658.43 2843.48 2648.02 2821.43Z" fill="#444830" fill-opacity="0.1"/>
<path d="M2235 3040.53C2246.64 3026.36 2260.8 3015.68 2277.47 3008.51C2294.15 3001.34 2311.66 2998.58 2330.02 3000.25L2333.03 2962.49C2333.06 2960.64 2333.77 2959.16 2335.16 2958.04C2336.55 2956.93 2338.2 2956.51 2340.09 2956.77C2341.7 2956.84 2343.06 2957.58 2344.17 2958.97C2345.29 2960.36 2345.83 2961.98 2345.8 2963.83L2342.79 3001.59C2358.37 3004.87 2372.77 3011.06 2385.98 3020.18C2399.2 3029.3 2410.11 3040.56 2418.71 3053.96L2452.93 3037.73C2454.65 3037.05 2456.36 3036.98 2458.05 3037.53C2459.75 3038.08 2460.92 3039.09 2461.56 3040.57C2462.48 3042.24 2462.67 3043.93 2462.12 3045.62C2461.57 3047.32 2460.44 3048.51 2458.72 3049.19L2424.49 3065.42C2432.57 3081.99 2436.21 3099.34 2435.43 3117.47C2434.64 3135.61 2429.7 3152.63 2420.58 3168.55L2235 3040.53ZM2301.62 3052.24C2304.57 3054.28 2307.77 3054.98 2311.21 3054.35C2314.66 3053.72 2317.4 3051.93 2319.43 3048.97C2321.47 3046.02 2322.17 3042.82 2321.54 3039.38C2320.91 3035.93 2319.12 3033.19 2316.16 3031.15C2313.21 3029.12 2310.01 3028.42 2306.57 3029.05C2303.12 3029.68 2300.38 3031.47 2298.35 3034.42C2296.31 3037.38 2295.61 3040.58 2296.24 3044.02C2296.87 3047.47 2298.66 3050.21 2301.62 3052.24ZM2385.97 3110.44C2388.92 3112.47 2392.12 3113.17 2395.57 3112.54C2399.01 3111.91 2401.75 3110.12 2403.79 3107.16C2405.83 3104.21 2406.53 3101.01 2405.9 3097.57C2405.27 3094.12 2403.47 3091.38 2400.52 3089.35C2397.57 3087.31 2394.37 3086.61 2390.92 3087.24C2387.48 3087.87 2384.74 3089.66 2382.7 3092.62C2380.67 3095.57 2379.96 3098.77 2380.6 3102.21C2381.23 3105.66 2383.02 3108.4 2385.97 3110.44Z" fill="#444830" fill-opacity="0.1"/>
</g>
<defs>
<clipPath id="clip0_1_12">
<rect width="4320" height="3072" fill="white"/>
</clipPath>
<clipPath id="clip1_1_12">
<rect width="245.953" height="245.953" fill="white" transform="translate(3831 452.344) rotate(-22.8083)"/>
</clipPath>
<clipPath id="clip2_1_12">
<rect width="245.953" height="245.953" fill="white" transform="translate(3912 2087.51) rotate(-26.6995)"/>
</clipPath>
<clipPath id="clip3_1_12">
<rect width="245.953" height="245.953" fill="white" transform="translate(1581 655.797) rotate(-21.1638)"/>
</clipPath>
</defs>
</svg>
